xof 0303txt 0032
template ColorRGBA {
 <35ff44e0-6c7c-11cf-8f52-0040333594a3>
 FLOAT red;
 FLOAT green;
 FLOAT blue;
 FLOAT alpha;
}

template ColorRGB {
 <d3e16e81-7835-11cf-8f52-0040333594a3>
 FLOAT red;
 FLOAT green;
 FLOAT blue;
}

template Material {
 <3d82ab4d-62da-11cf-ab39-0020af71e433>
 ColorRGBA faceColor;
 FLOAT power;
 ColorRGB specularColor;
 ColorRGB emissiveColor;
 [...]
}

template TextureFilename {
 <a42790e1-7810-11cf-8f52-0040333594a3>
 STRING filename;
}

template Frame {
 <3d82ab46-62da-11cf-ab39-0020af71e433>
 [...]
}

template Matrix4x4 {
 <f6f23f45-7686-11cf-8f52-0040333594a3>
 array FLOAT matrix[16];
}

template FrameTransformMatrix {
 <f6f23f41-7686-11cf-8f52-0040333594a3>
 Matrix4x4 frameMatrix;
}

template Vector {
 <3d82ab5e-62da-11cf-ab39-0020af71e433>
 FLOAT x;
 FLOAT y;
 FLOAT z;
}

template MeshFace {
 <3d82ab5f-62da-11cf-ab39-0020af71e433>
 DWORD nFaceVertexIndices;
 array DWORD faceVertexIndices[nFaceVertexIndices];
}

template Mesh {
 <3d82ab44-62da-11cf-ab39-0020af71e433>
 DWORD nVertices;
 array Vector vertices[nVertices];
 DWORD nFaces;
 array MeshFace faces[nFaces];
 [...]
}

template MeshNormals {
 <f6f23f43-7686-11cf-8f52-0040333594a3>
 DWORD nNormals;
 array Vector normals[nNormals];
 DWORD nFaceNormals;
 array MeshFace faceNormals[nFaceNormals];
}

template MeshMaterialList {
 <f6f23f42-7686-11cf-8f52-0040333594a3>
 DWORD nMaterials;
 DWORD nFaceIndexes;
 array DWORD faceIndexes[nFaceIndexes];
 [Material <3d82ab4d-62da-11cf-ab39-0020af71e433>]
}

template Coords2d {
 <f6f23f44-7686-11cf-8f52-0040333594a3>
 FLOAT u;
 FLOAT v;
}

template MeshTextureCoords {
 <f6f23f40-7686-11cf-8f52-0040333594a3>
 DWORD nTextureCoords;
 array Coords2d textureCoords[nTextureCoords];
}

template XSkinMeshHeader {
 <3cf169ce-ff7c-44ab-93c0-f78f62d172e2>
 WORD nMaxSkinWeightsPerVertex;
 WORD nMaxSkinWeightsPerFace;
 WORD nBones;
}

template SkinWeights {
 <6f0d123b-bad2-4167-a0d0-80224f25fabb>
 STRING transformNodeName;
 DWORD nWeights;
 array DWORD vertexIndices[nWeights];
 array FLOAT weights[nWeights];
 Matrix4x4 matrixOffset;
}

template AnimTicksPerSecond {
 <9e415a43-7ba6-4a73-8743-b73d47e88476>
 DWORD AnimTicksPerSecond;
}

template Animation {
 <3d82ab4f-62da-11cf-ab39-0020af71e433>
 [...]
}

template AnimationSet {
 <3d82ab50-62da-11cf-ab39-0020af71e433>
 [Animation <3d82ab4f-62da-11cf-ab39-0020af71e433>]
}

template FloatKeys {
 <10dd46a9-775b-11cf-8f52-0040333594a3>
 DWORD nValues;
 array FLOAT values[nValues];
}

template TimedFloatKeys {
 <f406b180-7b3b-11cf-8f52-0040333594a3>
 DWORD time;
 FloatKeys tfkeys;
}

template AnimationKey {
 <10dd46a8-775b-11cf-8f52-0040333594a3>
 DWORD keyType;
 DWORD nKeys;
 array TimedFloatKeys keys[nKeys];
}


Material ZombieGirl_Material {
 1.000000;1.000000;1.000000;1.000000;;
 43.219283;
 0.050000;0.050000;0.050000;;
 0.000000;0.000000;0.000000;;

 TextureFilename {
  "zombie_diffuse.png";
 }
}

Frame Hips {
 

 FrameTransformMatrix {
  0.373885,-0.023019,-0.121163,0.000000,-0.123326,-0.073201,-0.366651,0.000000,-0.001090,0.386150,-0.076727,0.000000,0.284693,38.433654,0.812658,1.000000;;
 }

 Frame Spine {
  

  FrameTransformMatrix {
   0.999438,0.010828,0.031726,0.000000,-0.009380,0.998923,-0.045446,0.000000,-0.032184,0.045123,0.998463,0.000000,-0.023068,0.957426,13.156998,1.000000;;
  }

  Frame Spine1 {
   

   FrameTransformMatrix {
    0.999491,0.022796,0.022299,0.000000,-0.019785,0.991706,-0.126998,0.000000,-0.025009,0.126492,0.991652,0.000000,-0.026913,0.057404,9.893692,1.000000;;
   }

   Frame Spine2 {
    

    FrameTransformMatrix {
     0.999516,0.020911,0.023031,0.000000,-0.017817,0.991720,-0.127180,0.000000,-0.025500,0.126708,0.991612,0.000000,-0.030758,-0.023075,10.495056,1.000000;;
    }

    Frame Neck {
     

     FrameTransformMatrix {
      0.997558,-0.052660,-0.045877,0.000000,0.056770,0.994005,0.093442,0.000000,0.040681,-0.095818,0.994567,0.000000,-0.034602,-4.745285,26.822227,1.000000;;
     }

     Frame Head {
      

      FrameTransformMatrix {
       0.969828,-0.218396,-0.108343,0.000000,0.243188,0.897934,0.366844,0.000000,0.017168,-0.382124,0.923952,0.000000,0.000001,3.479092,14.007691,1.000000;;
      }
     }
    }

    Frame LeftShoulder {
     

     FrameTransformMatrix {
      0.974957,-0.072559,-0.210223,0.000000,0.071547,0.997360,-0.012424,0.000000,0.210570,-0.002928,0.977575,0.000000,8.038101,-6.262871,21.896400,1.000000;;
     }

     Frame LeftArm {
      

      FrameTransformMatrix {
       0.532743,0.303059,-0.790152,0.000000,-0.360735,0.925929,0.111919,0.000000,0.765543,0.225411,0.602606,0.000000,10.735716,-0.138569,-5.489258,1.000000;;
      }

      Frame LeftForeArm {
       

       FrameTransformMatrix {
        0.293469,0.954173,-0.058567,0.000000,-0.955786,0.291665,-0.037478,0.000000,-0.018679,0.066977,0.997580,0.000000,27.522294,-0.639717,0.138470,1.000000;;
       }

       Frame LeftHand {
        

        FrameTransformMatrix {
         0.716937,0.436796,0.543333,0.000000,0.026533,0.761715,-0.647368,0.000000,-0.696633,0.478538,0.534512,0.000000,27.060266,4.632050,1.831871,1.000000;;
        }

        Frame LeftHandMiddle1 {
         

         FrameTransformMatrix {
          0.669128,0.327096,-0.667290,0.000000,-0.248439,0.944721,0.213965,0.000000,0.700390,0.022611,0.713402,0.000000,13.048763,-0.635778,-2.540207,1.000000;;
         }

         Frame LeftHandMiddle2 {
          

          FrameTransformMatrix {
           0.994540,-0.044394,0.094446,0.000000,0.043954,0.999011,0.006734,0.000000,-0.094651,-0.002546,0.995507,0.000000,3.189165,-1.212759,2.191269,1.000000;;
          }

          Frame LeftHandMiddle3 {
           

           FrameTransformMatrix {
            0.895069,-0.130061,0.426540,0.000000,0.169849,0.983854,-0.056420,0.000000,-0.412315,0.122947,0.902707,0.000000,2.726852,-0.178102,-1.200340,1.000000;;
           }
          }
         }
        }

        Frame LeftHandIndex1 {
         

         FrameTransformMatrix {
          0.882559,-0.160910,-0.441813,0.000000,0.203423,0.977801,0.050238,0.000000,0.423921,-0.134213,0.895699,0.000000,13.618424,2.298954,-2.644936,1.000000;;
         }

         Frame LeftHandIndex2 {
          

          FrameTransformMatrix {
           0.896635,0.263611,0.355745,0.000000,-0.324896,0.937568,0.124134,0.000000,-0.300812,-0.226883,0.926302,0.000000,2.368088,0.888405,0.215050,1.000000;;
          }

          Frame LeftHandIndex3 {
           

           FrameTransformMatrix {
            0.921925,0.115307,-0.369810,0.000000,-0.084096,0.991478,0.099495,0.000000,0.378131,-0.060627,0.923765,0.000000,2.829811,0.281509,-2.127571,1.000000;;
           }
          }
         }
        }

        Frame LeftHandThumb1 {
         

         FrameTransformMatrix {
          0.878075,-0.438302,0.192030,0.000000,0.460022,0.883682,-0.086520,0.000000,-0.131771,0.164309,0.977567,0.000000,5.760674,4.509703,-2.017479,1.000000;;
         }

         Frame LeftHandThumb2 {
          

          FrameTransformMatrix {
           0.974255,0.224997,-0.014310,0.000000,-0.221908,0.968218,0.115378,0.000000,0.039815,-0.109232,0.993219,0.000000,1.506889,2.832840,-1.511520,1.000000;;
          }

          Frame LeftHandThumb3 {
           

           FrameTransformMatrix {
            0.859873,-0.510105,-0.020304,0.000000,0.468987,0.805022,-0.363306,0.000000,0.201670,0.302875,0.931448,0.000000,1.906849,2.166355,-1.997269,1.000000;;
           }
          }
         }
        }

        Frame LeftHandRing1 {
         

         FrameTransformMatrix {
          0.949650,0.135306,-0.282591,0.000000,-0.110254,0.988571,0.102822,0.000000,0.293274,-0.066488,0.953714,0.000000,12.189877,-3.889872,-3.593063,1.000000;;
         }

         Frame LeftHandRing2 {
          

          FrameTransformMatrix {
           0.775809,-0.178823,0.605098,0.000000,0.327032,0.934094,-0.143245,0.000000,-0.539602,0.309017,0.783159,0.000000,3.450230,-1.805344,1.173492,1.000000;;
          }

          Frame LeftHandRing3 {
           

           FrameTransformMatrix {
            0.981799,-0.061080,-0.179832,0.000000,0.037870,0.990820,-0.129779,0.000000,0.186108,0.120606,0.975099,0.000000,1.870346,-0.034270,-1.931778,1.000000;;
           }
          }
         }
        }

        Frame LeftHandPinky1 {
         

         FrameTransformMatrix {
          0.939768,-0.032782,0.340237,0.000000,0.096180,0.980533,-0.171184,0.000000,-0.328002,0.193597,0.924627,0.000000,11.543934,-6.056061,-5.493088,1.000000;;
         }

         Frame LeftHandPinky2 {
          

          FrameTransformMatrix {
           0.853454,0.026998,0.520468,0.000000,0.113266,0.965179,-0.235799,0.000000,-0.508711,0.260195,0.820678,0.000000,2.248466,-0.976402,-1.886429,1.000000;;
          }

          Frame LeftHandPinky3 {
           

           FrameTransformMatrix {
            0.972419,-0.128664,-0.194546,0.000000,0.187412,0.927544,0.323324,0.000000,0.138850,-0.350867,0.926074,0.000000,-0.272553,0.271542,-2.142326,1.000000;;
           }
          }
         }
        }
       }
      }
     }
    }

    Frame RightShoulder {
     

     FrameTransformMatrix {
      0.982484,0.117433,0.144692,0.000000,-0.113372,0.992899,-0.036030,0.000000,-0.147896,0.018995,0.988821,0.000000,-7.876622,-6.262875,21.896416,1.000000;;
     }

     Frame RightArm {
      

      FrameTransformMatrix {
       0.301286,-0.417929,0.857066,0.000000,0.376689,0.877888,0.295664,0.000000,-0.875975,0.233768,0.421925,0.000000,-10.735711,-0.138565,-5.489273,1.000000;;
      }

      Frame RightForeArm {
       

       FrameTransformMatrix {
        0.088874,-0.990044,0.109150,0.000000,0.979204,0.106910,0.172424,0.000000,-0.182377,0.091556,0.978957,0.000000,-27.522301,-0.639711,0.138466,1.000000;;
       }

       Frame RightHand {
        

        FrameTransformMatrix {
         0.936617,-0.350161,0.011680,0.000000,0.326147,0.859236,-0.394133,0.000000,0.127975,0.372961,0.918979,0.000000,-27.487782,1.174011,0.336475,1.000000;;
        }

        Frame RightHandThumb1 {
         

         FrameTransformMatrix {
          0.844960,0.039619,-0.533360,0.000000,0.043910,0.988747,0.143010,0.000000,0.533024,-0.144258,0.833712,0.000000,-6.217945,2.796371,-3.333237,1.000000;;
         }

         Frame RightHandThumb2 {
          

          FrameTransformMatrix {
           0.890690,0.423699,-0.164775,0.000000,-0.453533,0.853107,-0.257908,0.000000,0.031295,0.304447,0.952015,0.000000,-1.804375,1.972260,-2.331251,1.000000;;
          }

          Frame RightHandThumb3 {
           

           FrameTransformMatrix {
            0.946810,-0.321663,-0.009147,0.000000,0.303777,0.884061,0.355186,0.000000,-0.106164,-0.339072,0.934751,0.000000,-2.092113,1.137764,-2.578140,1.000000;;
           }
          }
         }
        }

        Frame RightHandIndex1 {
         

         FrameTransformMatrix {
          0.982495,0.107054,0.152460,0.000000,-0.109345,0.993981,0.006699,0.000000,-0.150825,-0.023252,0.988287,0.000000,-12.963783,-2.763901,-2.872189,1.000000;;
         }

         Frame RightHandIndex2 {
          

          FrameTransformMatrix {
           0.909050,-0.281446,0.307273,0.000000,0.246372,0.957751,0.148372,0.000000,-0.336050,-0.059174,0.939983,0.000000,-4.139692,-0.773056,1.210892,1.000000;;
          }

          Frame RightHandIndex3 {
           

           FrameTransformMatrix {
            0.995437,0.057612,-0.076069,0.000000,-0.061556,0.996822,-0.050562,0.000000,0.072914,0.055014,0.995820,0.000000,-3.016159,-1.653709,-0.521675,1.000000;;
           }

           Frame RightHandIndex4 {
            

            FrameTransformMatrix {
             1.000000,0.000000,-0.000000,0.000000,-0.000000,1.000000,0.000000,0.000000,0.000000,0.000000,1.000000,0.000000,-5.297378,-2.515404,-2.356583,1.000000;;
            }
           }
          }
         }
        }

        Frame RightHandRing1 {
         

         FrameTransformMatrix {
          0.632349,-0.272085,0.725331,0.000000,0.003544,0.937299,0.348508,0.000000,-0.774676,-0.217808,0.593664,0.000000,-11.408050,-6.476662,-2.131653,1.000000;;
         }

         Frame RightHandRing2 {
          

          FrameTransformMatrix {
           0.612595,-0.170635,-0.771759,0.000000,-0.236571,0.892074,-0.385018,0.000000,0.754163,0.418436,0.506112,0.000000,-3.226742,-1.802078,1.697407,1.000000;;
          }

          Frame RightHandRing3 {
           

           FrameTransformMatrix {
            0.942035,0.074603,-0.327115,0.000000,-0.167534,0.949313,-0.265965,0.000000,0.290693,0.305351,0.906785,0.000000,-1.767479,-0.901932,-1.814835,1.000000;;
           }

           Frame RightHandRing4 {
            

            FrameTransformMatrix {
             1.000000,0.000000,0.000000,0.000000,0.000000,1.000000,-0.000000,0.000000,-0.000000,0.000000,1.000000,0.000000,-0.976662,0.023811,-2.723419,1.000000;;
            }
           }
          }
         }
        }

        Frame RightHandPinky1 {
         

         FrameTransformMatrix {
          0.953838,-0.281638,0.104273,0.000000,0.250572,0.937715,0.240635,0.000000,-0.165550,-0.203399,0.964999,0.000000,-10.402763,-9.020599,-3.244057,1.000000;;
         }

         Frame RightHandPinky2 {
          

          FrameTransformMatrix {
           0.994027,-0.027867,-0.105516,0.000000,0.022059,0.998197,-0.055816,0.000000,0.106881,0.053155,0.992850,0.000000,-2.019154,-1.824303,-1.470551,1.000000;;
          }

          Frame RightHandPinky3 {
           

           FrameTransformMatrix {
            0.984746,0.148135,-0.091282,0.000000,-0.118909,0.955913,0.268500,0.000000,0.127031,-0.253550,0.958945,0.000000,0.322998,-0.384285,-2.117912,1.000000;;
           }
          }
         }
        }
       }
      }
     }
    }
   }
  }
 }

 Frame LeftUpLeg {
  

  FrameTransformMatrix {
   0.896764,-0.390756,0.207662,0.000000,0.115368,0.659510,0.742790,0.000000,-0.427205,-0.642150,0.636505,0.000000,10.121321,0.163048,-5.316734,1.000000;;
  }

  Frame LeftLeg {
   

   FrameTransformMatrix {
    0.991722,-0.068819,0.108409,0.000000,0.124077,0.730988,-0.671015,0.000000,-0.033068,0.678911,0.733475,0.000000,-0.627892,-0.301174,-40.879504,1.000000;;
   }

   Frame LeftFoot {
    

    FrameTransformMatrix {
     0.944398,-0.010396,-0.328639,0.000000,0.024809,0.998904,0.039694,0.000000,0.327867,-0.045641,0.943621,0.000000,-1.150953,-3.733837,-51.962016,1.000000;;
    }

    Frame LeftToeBase {
     

     FrameTransformMatrix {
      0.999990,-0.000720,0.004491,0.000000,0.000687,0.999972,0.007540,0.000000,-0.004497,-0.007537,0.999961,0.000000,1.274712,13.757987,-8.974059,1.000000;;
     }
    }
   }
  }
 }

 Frame RightUpLeg {
  

  FrameTransformMatrix {
   0.939504,0.319306,-0.123999,0.000000,-0.166439,0.741939,0.649480,0.000000,0.299383,-0.589551,0.750200,0.000000,-10.121319,0.163048,-5.316719,1.000000;;
  }

  Frame RightLeg {
   

   FrameTransformMatrix {
    0.984905,0.102529,-0.139461,0.000000,-0.170168,0.721048,-0.671664,0.000000,0.031693,0.685258,0.727611,0.000000,0.627892,-0.301170,-40.879501,1.000000;;
   }

   Frame RightFoot {
    

    FrameTransformMatrix {
     0.952482,-0.003389,0.304577,0.000000,-0.034676,0.992231,0.119479,0.000000,-0.302615,-0.124363,0.944964,0.000000,1.150963,-3.733839,-51.962003,1.000000;;
    }

    Frame RightToeBase {
     

     FrameTransformMatrix {
      0.999978,-0.000695,0.006553,0.000000,0.000654,0.999980,0.006281,0.000000,-0.006558,-0.006276,0.999959,0.000000,-1.274712,13.757990,-8.974058,1.000000;;
     }
    }
   }
  }
 }
}

Frame ZombieGirl_Body {
 

 FrameTransformMatrix {
  0.393701,0.000000,0.000000,0.000000,0.000000,-0.000000,-0.393701,0.000000,0.000000,0.393701,-0.000000,0.000000,0.000000,0.000000,0.000000,1.000000;;
 }

 Mesh ZombieGirl_Body {
  3353;
  -5.674136;7.969600;188.958771;,
  -5.332113;8.442678;189.492416;,
  -5.388690;8.474506;189.050061;,
  -1.353432;10.251669;189.570202;,
  -1.474611;10.865275;190.575757;,
  -0.786338;10.613575;189.587328;,
  -2.597467;10.648846;191.141619;,
  -2.029580;10.393981;193.283635;,
  -8.660674;-0.268510;187.881907;,
  -9.512003;-1.663455;187.612173;,
  -9.205049;-0.489905;189.097395;,
  -7.969522;-1.101520;186.372339;,
  -3.896777;14.864738;150.800077;,
  -0.064925;14.009674;150.186176;,
  -3.562851;14.945678;148.356736;,
  -43.948966;-10.608111;158.899008;,
  -44.826259;-8.656862;161.392307;,
  -46.117443;-10.570378;158.634048;,
  -73.718406;-2.566028;160.376358;,
  -71.279130;-3.128477;160.181504;,
  -73.035987;-1.384211;159.715149;,
  -5.841620;0.570068;199.930957;,
  -3.816244;-2.847412;200.811187;,
  -3.472170;1.539805;201.051341;,
  6.417373;7.300754;186.851187;,
  6.638204;6.813954;189.378803;,
  7.232068;5.751763;187.330586;,
  0.817558;10.921526;184.240934;,
  1.248020;10.719960;184.070080;,
  0.392130;10.734542;183.956480;,
  1.108226;11.355102;184.225267;,
  3.812487;2.299990;176.742477;,
  5.524920;0.504526;179.240896;,
  5.084490;0.353553;176.831910;,
  7.911273;0.985596;186.198605;,
  8.220258;0.618326;188.159834;,
  7.995858;-0.108514;186.501094;,
  7.834758;-1.124338;186.368115;,
  8.170870;-0.038195;185.412902;,
  14.436894;7.889019;152.546765;,
  13.734506;10.961269;151.527258;,
  13.087590;9.621399;154.073613;,
  4.533799;3.692698;177.604442;,
  2.703084;5.532082;176.517350;,
  3.972244;5.442630;177.925363;,
  3.159801;5.677288;94.601715;,
  4.092279;3.957602;87.581869;,
  1.787142;1.513512;93.645414;,
  0.615374;2.221447;182.617600;,
  1.498768;4.526234;182.624781;,
  1.465545;2.089636;182.229466;,
  1.557638;0.828647;181.275072;,
  -90.531347;-13.822946;156.482906;,
  -90.121254;-13.789563;155.614746;,
  -90.808934;-13.886312;156.028851;,
  -9.817086;-2.103611;189.613862;,
  -9.927824;-2.862927;188.696384;,
  -9.991425;-3.118904;187.413363;,
  -15.674014;-11.411843;99.309165;,
  -19.167627;-6.112505;98.020390;,
  -15.817758;-9.474038;95.088109;,
  -12.788526;-8.980206;87.122221;,
  -11.795531;-10.677089;94.083808;,
  -1.025233;11.335446;185.478810;,
  -0.685330;11.292715;186.630259;,
  -0.586242;11.898975;185.509338;,
  -0.078001;6.648690;175.939226;,
  -0.075383;4.765866;176.946432;,
  -1.346971;6.396397;176.200435;,
  1.218583;6.488450;175.916467;,
  -5.445592;3.807495;179.898010;,
  -4.631375;3.697428;177.651200;,
  -6.115684;2.111070;179.912282;,
  -3.579878;11.599720;156.039565;,
  -3.108517;8.217765;158.080576;,
  -0.070881;9.983067;155.022554;,
  -16.453894;1.529231;157.768640;,
  -18.342918;-0.679993;154.172800;,
  -18.565539;0.750242;157.933274;,
  -13.061264;6.737850;155.886707;,
  -15.739394;4.236364;153.482790;,
  -13.664517;4.011789;157.885594;,
  -13.204314;9.637817;154.069760;,
  -13.870280;10.966497;151.526861;,
  -14.571358;7.885464;152.546906;,
  -3.675598;12.633334;140.951245;,
  -6.057933;12.204377;143.125491;,
  -3.102003;12.859164;144.030976;,
  -45.411731;-7.998604;152.779981;,
  -44.421248;-5.642049;152.855462;,
  -43.701498;-8.153438;153.077478;,
  -1.924672;1.517815;93.640550;,
  -4.230987;3.955227;87.583533;,
  -3.298325;5.676295;94.602554;,
  -5.608278;-0.919272;6.326346;,
  -6.970670;0.374384;9.250046;,
  -4.529157;-2.172120;8.837154;,
  -2.534538;9.106093;189.089203;,
  -2.244039;8.889338;188.615347;,
  -2.652890;9.144514;189.038387;,
  -4.710300;8.066736;188.614720;,
  -4.513651;8.770097;188.279949;,
  -5.196513;8.228394;188.573043;,
  -0.646938;9.766988;182.093094;,
  -1.562129;8.216790;182.758298;,
  -1.329438;9.565211;182.063923;,
  -1.803393;9.255919;181.875290;,
  -0.067867;5.089977;183.057114;,
  -1.632942;4.528253;182.616947;,
  -0.068298;6.496440;183.185664;,
  -0.067740;4.197103;182.965837;,
  3.105787;9.019426;188.174861;,
  2.212636;9.071591;188.350477;,
  2.715768;8.019081;188.450573;,
  0.640739;10.541970;189.580262;,
  1.350080;10.856734;190.516186;,
  1.215848;10.233303;189.562637;,
  8.220258;0.618326;188.159834;,
  8.300938;1.476907;190.842701;,
  8.823242;-0.520259;189.837056;,
  3.336972;1.539856;201.051366;,
  3.681166;-2.847468;200.811469;,
  5.706944;0.570046;199.931520;,
  7.920686;-0.066752;183.581773;,
  8.372014;-0.904615;183.533798;,
  7.414096;-0.635921;183.247680;,
  8.428998;-0.444485;184.546240;,
  16.041826;-11.941034;156.147930;,
  18.727210;-8.895941;151.864102;,
  18.541960;-11.664704;154.681933;,
  12.208199;-12.670724;158.477018;,
  8.308279;-13.187068;162.089101;,
  8.337014;-13.510742;157.584576;,
  13.922659;2.031345;140.229581;,
  12.938881;6.937687;139.829530;,
  14.469267;3.246888;143.733414;,
  2.907691;-1.284575;86.384051;,
  4.235340;-0.894658;77.020576;,
  3.386930;-5.630625;86.120429;,
  4.405424;-2.174875;8.825986;,
  6.842156;0.394774;9.223178;,
  5.473178;-0.864118;6.364783;,
  2.511187;9.131989;189.040678;,
  2.103656;8.873378;188.617382;,
  2.378792;9.091946;189.097690;,
  2.248438;7.053870;180.570547;,
  2.825761;5.753994;180.659021;,
  2.421056;7.158101;181.028774;,
  0.752632;8.030606;179.750707;,
  -0.067760;6.519400;180.671411;,
  1.616440;7.286098;180.268582;,
  -0.068382;8.272406;179.632307;,
  -0.067760;6.519400;180.671411;,
  0.752632;8.030606;179.750707;,
  -9.667769;14.259702;1.676000;,
  -9.897590;14.145654;0.565119;,
  -9.547830;15.053267;1.205960;,
  -88.021043;-12.329332;157.011034;,
  -88.595571;-12.577378;158.017101;,
  -87.804224;-12.160041;157.741261;,
  -95.657997;-10.624494;155.691264;,
  -96.997574;-11.159221;155.083853;,
  -96.031718;-11.754185;155.830912;,
  91.878630;2.328191;154.390170;,
  91.867424;2.783612;155.066458;,
  92.436973;2.650643;154.575475;,
  88.129216;-6.245208;157.589133;,
  88.984461;-6.608935;157.761523;,
  88.352966;-6.136101;156.839130;,
  -76.132570;-9.705450;158.545856;,
  -75.607962;-10.336174;156.692250;,
  -74.723494;-9.228339;158.197414;,
  79.273466;-1.155631;155.859699;,
  78.586464;1.649329;155.464845;,
  80.756557;0.603378;155.330176;,
  -80.585190;-10.591614;157.651315;,
  -78.604461;-8.354991;159.169306;,
  -81.186682;-9.581743;158.129651;,
  -81.303494;-8.245401;157.543782;,
  74.075674;1.139584;161.894899;,
  75.780083;0.101199;162.215475;,
  75.643526;2.064616;161.002330;,
  72.850349;0.057804;162.527283;,
  72.008787;1.287196;162.245632;,
  -81.854739;-4.445902;157.430298;,
  -79.202547;-3.227683;157.984346;,
  -81.500755;-2.349809;156.575654;,
  -81.502778;-13.698322;155.259571;,
  -82.221357;-14.400981;153.963994;,
  -81.178515;-13.384513;154.022963;,
  82.025971;-6.232189;153.283085;,
  80.360390;-4.334690;154.484442;,
  82.528486;-5.240165;153.552397;,
  82.951059;-4.071132;153.708621;,
  81.720006;-7.083199;153.396288;,
  82.892806;-7.879836;153.061965;,
  82.088397;-7.729534;154.482458;,
  -87.341632;-5.417552;156.122944;,
  -86.605920;-6.798846;156.464550;,
  -86.255008;-5.260916;156.298931;,
  -85.284102;-4.785894;154.722598;,
  -84.276813;-5.019663;156.629581;,
  -83.858720;-3.887781;155.151821;,
  5.634338;-9.809282;6.058397;,
  5.650836;-8.957378;9.686370;,
  4.383898;-7.824907;6.492329;,
  6.883140;-8.583938;0.068787;,
  10.349714;-8.629673;0.961237;,
  8.143236;-10.000635;1.393690;,
  5.620756;-9.629368;1.788356;,
  -5.712898;-9.718868;1.722008;,
  -8.281599;-10.042933;1.365517;,
  -7.017930;-8.590922;0.061229;,
  -11.817294;-5.117111;4.899231;,
  -10.128766;-7.732719;5.916714;,
  -12.199198;-5.382490;6.934686;,
  12.060967;-5.385862;6.940711;,
  9.992798;-7.731830;5.917036;,
  11.681820;-5.115533;4.901420;,
  11.947041;-2.092799;6.316067;,
  -11.254574;-2.508081;9.010441;,
  -11.619134;-5.251916;9.401651;,
  -10.865662;-2.962245;10.784058;,
  -4.525141;-7.821730;6.493462;,
  -5.779396;-8.966970;9.685515;,
  -5.772150;-9.805336;6.059527;,
  6.951314;1.424595;1.198412;,
  6.033897;-1.488483;2.056038;,
  6.021622;1.645933;2.770626;,
  -6.429226;7.490013;3.294524;,
  -5.485558;5.244375;2.027855;,
  -5.144678;8.491962;1.382386;,
  8.495219;11.120874;2.607625;,
  8.909801;7.483157;4.986208;,
  9.483045;11.152076;3.354867;,
  10.410997;10.729090;2.904437;,
  16.079704;8.052226;0.277934;,
  15.543912;5.828962;0.134607;,
  15.321562;8.805331;-0.801454;,
  -10.759470;2.255914;7.523136;,
  -12.697492;2.484512;5.847332;,
  -11.553944;0.322194;7.539224;,
  10.562290;7.438907;5.028866;,
  -6.767814;10.827458;3.361929;,
  -7.423191;7.480304;4.834409;,
  -8.512810;11.230774;2.874686;,
  -5.423170;10.665926;0.025398;,
  -5.855174;8.299110;-0.495279;,
  -6.651933;10.715143;-0.929552;,
  -9.185687;12.504420;0.103262;,
  -9.564894;10.781971;-1.024561;,
  -10.264044;12.648665;-0.800254;,
  -12.767902;16.245590;0.750584;,
  -12.870261;14.970482;0.053143;,
  -12.851417;15.333787;1.395125;,
  -10.183234;12.934697;2.910928;,
  -10.486461;14.639763;2.488554;,
  -10.941142;13.116754;2.505465;,
  5.262161;8.487448;189.046054;,
  5.221834;8.483434;189.475866;,
  5.540169;7.966964;188.947840;,
  7.414096;-0.635921;183.247680;,
  6.669876;-2.411432;182.460979;,
  6.701630;0.191494;182.347712;,
  7.736800;-2.067823;184.212544;,
  18.541960;-11.664704;154.681933;,
  18.727210;-8.895941;151.864102;,
  20.912678;-11.023536;153.759821;,
  -18.565539;0.750242;157.933274;,
  -18.342918;-0.679993;154.172800;,
  -20.868448;0.042017;158.064320;,
  -18.528386;-5.403380;151.713254;,
  -21.559683;-5.447108;151.423053;,
  -19.727096;-4.976800;151.750861;,
  20.775555;-0.240230;158.609613;,
  18.159870;-0.405501;154.705984;,
  18.468078;0.605304;158.382246;,
  33.903507;-5.775967;160.735078;,
  39.999974;-5.060230;160.623450;,
  34.058723;-3.154257;160.501171;,
  -34.148768;-2.672060;160.009690;,
  -40.093926;-4.522884;160.456384;,
  -33.994275;-5.203396;160.732058;,
  2.934336;12.636315;144.040883;,
  5.913285;12.156851;143.126221;,
  3.540772;12.643376;140.946202;,
  -1.316949;11.369356;184.811123;,
  -1.077840;11.777561;184.410944;,
  -1.491441;11.284613;184.422400;,
  -0.666078;11.836816;184.004864;,
  -0.567216;12.253963;184.402726;,
  -0.529092;10.738923;183.952845;,
  -1.382960;10.719482;184.070515;,
  -0.954500;10.924499;184.238374;,
  -1.248189;11.362042;184.219328;,
  -8.504226;-0.904787;183.535053;,
  -8.563150;-0.445345;184.546598;,
  -8.056070;-0.066948;183.581824;,
  -7.563690;-0.635528;183.241664;,
  -9.568994;-2.444846;186.031987;,
  -8.869530;-1.229569;185.157171;,
  -8.006501;-3.467146;167.688538;,
  -13.518034;-3.595938;167.053645;,
  -9.355325;-4.904474;168.833344;,
  -12.992150;0.485904;162.738048;,
  -10.013393;0.371620;166.045043;,
  -2.848028;8.011770;188.450483;,
  -3.695335;7.830334;189.145472;,
  -3.470093;9.149222;189.446157;,
  -4.478644;9.058360;189.422195;,
  -1.599014;2.095043;182.216691;,
  -0.750015;2.224413;182.609088;,
  -1.685512;0.843544;181.256576;,
  6.007629;2.100881;179.896179;,
  5.432846;3.882203;179.835482;,
  -0.068916;-6.379747;97.724736;,
  -0.069786;-7.172826;100.636659;,
  -0.712912;-6.802373;97.238573;,
  0.565976;-6.819090;97.214624;,
  -0.069786;-7.172826;100.636659;,
  -0.068916;-6.379747;97.724736;,
  -12.295407;12.868895;-0.687698;,
  -13.066578;9.671284;-0.709804;,
  -12.995626;12.792479;0.043326;,
  -11.529094;12.711324;-0.752917;,
  -13.893670;11.777449;-0.297810;,
  -14.262376;11.079825;-0.429384;,
  -8.131958;-0.105990;186.503386;,
  -8.046468;0.980068;186.199616;,
  -8.305650;-0.041304;185.413030;,
  -7.757044;0.772237;184.123840;,
  -8.347913;0.650429;188.152064;,
  -2.344918;9.069674;188.348211;,
  -3.239600;9.017673;188.173658;,
  -3.850866;5.228015;178.053094;,
  -2.666424;5.591129;176.745101;,
  -7.004878;0.199389;182.278848;,
  -6.816397;-2.411727;182.456448;,
  -7.563690;-0.635528;183.241664;,
  -7.869231;-2.068044;184.213683;,
  -0.067613;2.870508;182.759526;,
  -0.068435;9.936517;181.979379;,
  -0.068535;8.750739;182.837747;,
  -1.685512;0.843544;181.256576;,
  -0.750015;2.224413;182.609088;,
  -0.067299;0.523233;181.544755;,
  1.428985;8.218215;182.750016;,
  1.352338;11.279778;184.425459;,
  0.938177;11.770935;184.415219;,
  1.180076;11.367698;184.811725;,
  0.429319;12.248680;184.406170;,
  0.526369;11.827943;184.012339;,
  9.433201;-2.439789;186.031526;,
  8.734271;-1.226634;185.157491;,
  9.373324;-1.686419;187.604288;,
  8.534698;-0.593065;187.845965;,
  9.792082;-2.880296;188.675904;,
  9.772868;-2.265924;189.551808;,
  9.850186;-3.112538;187.413376;,
  7.601503;0.772579;184.132173;,
  7.868124;-3.463134;167.687885;,
  6.012916;-3.730884;169.365005;,
  9.205282;-4.908008;168.814912;,
  13.412401;-3.608401;167.092365;,
  15.683979;-9.475835;95.087648;,
  19.032298;-6.112242;98.020422;,
  15.540085;-11.413772;99.308794;,
  11.660196;-10.675278;94.084845;,
  12.653184;-8.979756;87.122323;,
  8.945830;-0.474357;189.054234;,
  8.823242;-0.520259;189.837056;,
  9.210440;-0.687169;189.327514;,
  3.510192;15.136571;148.383142;,
  3.797396;14.955341;150.847885;,
  3.563654;7.836956;189.144474;,
  3.325385;9.157751;189.449408;,
  5.063183;8.231851;188.571430;,
  4.379684;8.772640;188.280896;,
  4.574579;8.065424;188.615283;,
  4.342270;9.053205;189.424666;,
  1.166340;9.599889;181.972352;,
  0.501106;9.790170;181.999411;,
  1.647289;9.289234;181.822323;,
  1.813362;5.342558;180.547379;,
  70.512102;-0.730604;162.063654;,
  -75.048813;-1.920869;159.435994;,
  -76.612518;-3.030397;160.075674;,
  77.251533;-3.742626;154.856448;,
  75.035469;-1.932362;156.014797;,
  77.121491;-2.042551;155.880640;,
  -77.393824;-7.230080;154.758707;,
  -75.348870;-6.795020;154.844544;,
  -77.255648;-9.167530;154.329651;,
  -80.239885;-10.271921;154.174298;,
  81.387872;-2.703110;155.121242;,
  83.358093;-3.213892;154.525440;,
  -79.391488;-6.015699;159.161587;,
  -81.868019;-7.003116;158.190592;,
  81.533600;-2.329926;159.384550;,
  78.945018;-2.042182;160.523443;,
  81.222099;-3.476989;158.614298;,
  81.197824;-1.156318;159.051981;,
  78.488666;-4.343886;159.756698;,
  -81.733683;-5.928401;157.613862;,
  -78.567424;-1.016615;156.688870;,
  83.388698;-1.760553;154.330598;,
  -82.807584;-10.630079;153.362061;,
  -81.516198;-8.668995;154.257075;,
  -83.169824;-6.416959;153.376627;,
  -83.748742;-8.448794;153.100378;,
  -83.434835;-9.607091;153.852109;,
  12.210194;12.411048;-0.541874;,
  11.379922;10.590218;-0.812045;,
  11.148406;12.924454;-0.094239;,
  13.013512;9.829710;-0.694375;,
  11.955217;7.190312;-0.456097;,
  11.469548;10.862863;3.404373;,
  10.615456;2.277989;7.506527;,
  12.298448;6.575333;4.946388;,
  12.385345;10.277147;2.875201;,
  13.502598;10.018151;3.031594;,
  14.291677;9.413999;2.742305;,
  15.632541;9.908163;0.031366;,
  14.898549;10.695722;0.229981;,
  -9.058647;7.453060;4.962080;,
  -7.750642;3.320316;7.271334;,
  -9.660719;11.105350;3.359609;,
  -10.542441;10.848473;3.159292;,
  -10.732421;7.489819;5.171466;,
  -11.623570;10.876130;3.463270;,
  -12.527151;10.329600;2.923126;,
  -12.516211;6.626378;5.086362;,
  -10.759470;2.255914;7.523136;,
  11.476970;0.076795;7.486455;,
  11.109914;-2.416728;8.942490;,
  12.510786;2.516082;5.824453;,
  10.615456;2.277989;7.506527;,
  -14.286878;11.836707;-0.021345;,
  -14.321666;12.792211;0.334723;,
  -8.097459;-3.466220;186.011341;,
  1.887906;10.336658;193.296845;,
  2.461236;10.636723;191.135731;,
  -1.806085;9.937891;185.004838;,
  -1.320712;10.626957;185.530394;,
  -1.728935;10.492544;184.887859;,
  -1.310963;10.209186;183.710618;,
  -1.992131;9.604262;183.493760;,
  -1.839196;10.075829;184.061530;,
  -2.275367;7.391669;181.197683;,
  -2.654046;5.954214;180.989005;,
  -2.155536;7.303044;180.828403;,
  -1.700756;7.466517;180.485376;,
  -1.934135;5.351006;180.560858;,
  -0.881427;8.132627;179.869466;,
  -4.798522;7.467563;183.218790;,
  -4.556128;5.948452;181.823488;,
  -5.385940;6.313983;183.590784;,
  -5.195636;0.345911;176.837811;,
  -5.712665;0.525381;179.227366;,
  -3.890398;2.256057;176.763763;,
  -7.837273;2.620812;196.610509;,
  -6.647158;5.421228;194.798797;,
  -8.544020;1.236495;193.801331;,
  -8.750251;-0.182542;189.695539;,
  -8.415658;1.501410;190.809229;,
  -8.347913;0.650429;188.152064;,
  -8.468157;-2.887520;190.167002;,
  -8.721390;-1.239643;190.372813;,
  -8.813946;-2.577141;190.132992;,
  -5.358348;-6.125694;172.726502;,
  -3.136914;-7.530719;173.787686;,
  -5.049028;-5.542797;174.421222;,
  -6.156666;-3.732983;169.366029;,
  2.975129;8.220047;158.082586;,
  3.435196;11.596570;156.038106;,
  -8.485136;-13.500334;157.554227;,
  -8.444089;-13.179449;162.060736;,
  -12.345811;-12.751286;158.510707;,
  -18.676477;-11.039872;155.265600;,
  -18.885720;-9.374677;152.088973;,
  -16.129274;-12.001379;156.378829;,
  -21.008248;-11.450779;154.432538;,
  -18.885720;-9.374677;152.088973;,
  -18.676477;-11.039872;155.265600;,
  -19.854235;-2.846498;152.846144;,
  -18.631427;-2.558709;152.585498;,
  -14.814904;3.910536;149.271603;,
  -16.239125;-0.198930;148.548288;,
  -21.362381;-6.280560;161.364339;,
  -23.359750;-8.072374;160.789466;,
  -21.179405;-8.987950;160.656154;,
  -11.841375;-3.104570;134.479283;,
  -12.937316;-4.365293;140.701645;,
  -12.951335;0.432532;135.069555;,
  -0.068484;-12.347064;102.801421;,
  -0.067534;-14.993845;109.911603;,
  -4.182737;-16.599827;102.633453;,
  -3.516182;-5.633826;86.117568;,
  -4.359644;-0.897195;77.016954;,
  -3.031068;-1.287463;86.379085;,
  -9.975491;0.229214;9.306099;,
  1.700974;10.073252;184.062144;,
  1.857381;9.601218;183.496166;,
  1.175302;10.207198;183.712371;,
  1.591976;10.490389;184.888128;,
  1.182514;10.623218;185.530278;,
  1.667195;9.933998;185.005261;,
  0.482734;11.968626;185.513638;,
  0.547084;11.282262;186.627610;,
  0.893567;11.346060;185.479654;,
  9.314671;-3.799836;187.702016;,
  9.248649;-3.426117;189.100352;,
  8.299699;-3.764385;188.309158;,
  9.082320;-2.542697;190.087706;,
  8.676995;-1.304213;190.431168;,
  8.424060;-2.819679;190.181773;,
  4.930562;-5.563644;174.429094;,
  3.084170;-7.649983;173.838694;,
  5.237730;-6.142811;172.736026;,
  13.518789;4.014702;158.071309;,
  15.597477;4.261006;153.688602;,
  12.937114;6.746110;155.890560;,
  43.644870;-7.225726;152.703155;,
  44.295728;-4.697648;153.026637;,
  45.381670;-6.875608;152.474048;,
  12.312317;0.485385;135.243366;,
  12.801694;-4.374489;140.699213;,
  11.952577;-3.268073;134.441242;,
  4.050692;-16.643856;102.623411;,
  -0.067534;-14.993845;109.911603;,
  -0.068484;-12.347064;102.801421;,
  8.405722;1.238157;193.802854;,
  6.511389;5.422662;194.797952;,
  7.702392;2.621941;196.610445;,
  7.961294;-3.466427;186.011123;,
  6.751294;2.909797;164.980928;,
  9.545347;3.033231;162.172326;,
  6.225551;4.567216;161.938458;,
  9.879350;0.365579;166.044877;,
  12.874808;0.477662;162.827674;,
  18.468078;0.605304;158.382246;,
  18.159870;-0.405501;154.705984;,
  16.347606;1.487378;158.208166;,
  16.084626;-0.105884;148.675251;,
  14.671571;3.905378;149.270566;,
  46.270467;-10.622146;157.529920;,
  44.823197;-9.379261;160.676851;,
  43.932954;-10.776942;157.894413;,
  74.763322;-5.368020;158.398259;,
  75.788621;-5.810443;156.658266;,
  76.225888;-5.739982;158.636403;,
  10.743744;-3.010606;10.798862;,
  11.470972;-5.273952;9.413166;,
  0.423862;7.483767;182.073741;,
  -0.068425;8.153388;181.678541;,
  -0.067923;7.448994;182.231027;,
  -0.559660;7.488088;182.072384;,
  -14.987731;10.592482;-0.674256;,
  -15.751869;10.514362;-0.137674;,
  -15.550962;11.313291;-0.749013;,
  -15.880419;9.414587;-0.074943;,
  -15.105565;8.681403;-0.974267;,
  -16.302062;8.047586;0.101797;,
  -10.869886;16.209782;-0.234144;,
  -12.056386;16.020501;-1.046680;,
  -11.265047;16.390459;-0.809923;,
  -97.575021;-11.296282;154.559770;,
  -96.343462;-10.882061;154.303706;,
  -97.708787;-11.730677;153.984435;,
  -94.354950;-8.404290;155.661133;,
  -95.174157;-8.771682;155.391155;,
  -94.513856;-8.923866;156.366003;,
  -94.187917;-11.701321;154.649997;,
  -93.931802;-10.623849;154.534938;,
  -93.377523;-11.351091;154.910528;,
  14.035794;11.165436;-0.226879;,
  13.200988;11.962658;0.090298;,
  10.048773;12.734698;-0.622219;,
  9.141935;10.913473;-1.092958;,
  8.731506;12.875270;-0.225856;,
  92.646368;1.080478;155.425037;,
  92.230080;1.019681;154.621837;,
  93.049088;1.217673;154.780378;,
  89.758688;-2.848127;158.758886;,
  89.357997;-2.456058;159.361216;,
  90.081574;-2.741175;159.482675;,
  85.102074;1.471950;155.802534;,
  85.521760;1.453548;156.684160;,
  85.993939;1.472179;155.661952;,
  82.864576;1.946438;156.041882;,
  83.078355;1.704252;157.530278;,
  83.709434;1.345918;156.365427;,
  89.706566;2.655647;157.039565;,
  89.141114;2.206430;156.368346;,
  89.001184;2.499702;157.284442;,
  89.477632;0.717725;157.771008;,
  89.573165;0.453973;156.909990;,
  90.208333;0.839218;157.420902;,
  87.387693;-7.751314;157.494298;,
  87.704768;-7.922898;156.577357;,
  88.206330;-8.213680;157.710758;,
  91.334470;-6.921174;155.535053;,
  90.647475;-6.781306;155.136013;,
  91.053421;-7.043653;155.974029;,
  89.042522;-4.530270;159.394099;,
  89.587526;-4.258366;158.547712;,
  89.862624;-4.569490;159.496320;,
  92.869402;-2.997725;158.055181;,
  92.008128;-2.759825;157.819264;,
  92.472954;-2.966956;158.542080;,
  -8.433847;-3.771867;188.306931;,
  -9.313048;-3.438943;189.110093;,
  -9.457847;-3.799998;187.700762;,
  -7.362930;5.748451;187.330714;,
  -6.757820;6.802002;189.379942;,
  -6.557690;7.302774;186.849741;,
  -14.775923;3.304290;143.688640;,
  -13.235810;7.018572;139.790285;,
  -13.800979;2.052171;140.181594;,
  -12.082488;-2.085289;6.312369;,
  5.630744;6.397990;183.463270;,
  4.787166;6.181840;181.649152;,
  4.734056;7.481135;183.195891;,
  21.085211;-9.346363;160.152845;,
  23.261659;-8.652267;160.248064;,
  21.253061;-6.759250;161.121216;,
  -93.512467;-10.938760;156.854490;,
  -94.214086;-9.806826;156.743808;,
  -94.501523;-11.407730;156.502195;,
  -90.188659;-15.511035;155.831974;,
  -89.548186;-14.969950;155.423168;,
  -89.805632;-15.301267;156.338240;,
  -94.471962;-9.939003;155.008410;,
  -93.239219;-9.529405;155.097331;,
  -85.601325;-5.991673;152.881139;,
  -85.501446;-7.285992;153.115072;,
  -15.495659;5.853816;0.248141;,
  5.907575;11.108236;-1.164901;,
  5.358552;8.600756;-0.448362;,
  4.720835;11.094939;-0.208017;,
  4.985522;11.006780;1.272019;,
  5.046966;8.710520;1.427051;,
  6.347454;10.901492;2.909290;,
  90.535117;-8.478410;155.346982;,
  90.237702;-7.908549;154.557926;,
  90.943757;-8.467081;154.818048;,
  92.227859;-4.730459;158.169306;,
  91.706202;-4.203916;157.463360;,
  92.582048;-4.631264;157.633664;,
  80.500762;2.492532;159.304064;,
  78.411891;0.997468;160.447834;,
  81.214669;0.357753;159.580723;,
  77.426253;3.329632;159.722906;,
  -76.686778;-1.552059;158.299622;,
  81.214714;-4.822464;158.490112;,
  80.753242;-5.681487;157.676928;,
  -82.224570;-11.711430;153.592294;,
  -81.588538;-12.665095;153.642944;,
  -81.285574;-5.417339;153.394688;,
  -79.313779;-4.098382;153.192051;,
  -79.630381;-6.697621;154.459302;,
  82.551840;-0.070566;155.116454;,
  -10.484964;-8.630614;0.960834;,
  -6.265619;1.538080;2.744420;,
  -6.159002;-1.496381;2.059936;,
  -7.179964;1.423919;1.300775;,
  -13.688432;10.065126;3.096642;,
  -12.516211;6.626378;5.086362;,
  -12.527151;10.329600;2.923126;,
  -14.108819;9.213271;2.346051;,
  -6.225857;4.375631;161.736704;,
  -9.595530;3.095261;162.138278;,
  -6.875598;2.921422;164.972659;,
  -95.459162;-9.694223;154.808550;,
  -94.714598;-9.180272;154.920806;,
  -5.864730;7.621778;189.045274;,
  -5.514277;8.374656;189.842662;,
  -5.424805;8.200890;188.299686;,
  -2.220499;10.089566;189.835226;,
  -0.992136;10.010560;188.687245;,
  -1.404420;9.492326;188.592333;,
  -0.567490;10.425579;188.865920;,
  -1.700756;7.466517;180.485376;,
  -0.908741;8.837970;179.508915;,
  -1.708945;8.262360;179.832282;,
  -0.881427;8.132627;179.869466;,
  -0.068662;9.103418;179.395814;,
  -0.068382;8.272406;179.632307;,
  -1.848767;8.255159;179.679846;,
  -1.069404;8.810553;179.336563;,
  -0.065036;9.154484;179.196147;,
  -4.089875;9.110323;193.758272;,
  -3.952863;10.071044;191.725414;,
  -0.068548;10.602581;193.271334;,
  -2.413060;9.139358;196.290483;,
  -0.067338;9.549993;196.444109;,
  -0.065690;10.865703;190.768768;,
  -4.747310;7.649806;195.876685;,
  -8.750251;-0.182542;189.695539;,
  -9.441381;-1.156988;189.782016;,
  -5.680062;-2.299252;176.910144;,
  -5.712665;0.525381;179.227366;,
  -5.195636;0.345911;176.837811;,
  -6.088479;-2.035035;179.593382;,
  -5.024848;-5.007646;176.766016;,
